50439
54321
65432
65654
69092
70000
74769
75780
77889
78686
78764
78766
78795
79667
79765
79875
82084
82185
83030
84527
85296
87687
87876
90937
92675
92680
95846
96368
96385
100708
102989
111111
111122
111222
112233
115663
119111
121212
122020
122211
122231
122233
122235
122237
122354
122546
123112
123115
123121
123123
123212
123233
123321
123352
123451
123453
123455
123456
123457
123458
123467
123546
123564
123569
123589
123654
123655
123658
123843
124501
124512
124661
124663
124665
125362
125455
125588
125599
125625
125633
125635
125636
125666
125698
125889
125896
125899
125985
126551
128803
131480
131731
132563
133272
133474
134180
134222
134436
135044
135673
136308
137695
138798
141160
142569
143667
145164
145265
145745
145896
145911
145921
145928
145935
145947
145948
145965
145974
145985
148097
148572
148720
149468
151115
151124
151491
151877
151976
152626
152627
152869
153373
153950
154594
154697
154839
154982
155287
155380
155477
155555
155947
156114
156433
156596
156668
156671
156785
156977
156996
157262
157771
157847
157878
158400
158744
158896
158963
158965
159399
159412
159565
159632
159993
160265
160507
160638
161035
161241
161564
162057
162302
162680
162708
163050
163267
163538
164280
164292
164420
164683
164856
164914
164919
164933
164974
165031
165146
165166
165530
165555
165581
166054
166057
166060
166062
166207
166236
166252
167226
167970
168599
168633
168683
168685
168700
169958
169959
170118
170307
170822
170824
170887
171188
171265
171482
171683
171776
171859
171936
172006
172197
172206
172314
172446
172450
172508
172520
172885
173059
173092
173101
173196
173263
173301
173367
173792
173883
173953
173967
174048
174068
174187
174335
174365
174464
174562
174565
174676
174749
174836
174876
175288
175318
175320
175552
175621
175697
175750
175759
175764
175791
175950
176048
176082
176131
176181
176190
176195
176339
176359
176548
176697
176720
176867
176870
176912
177051
177131
177152
177165
177249
177285
177338
177411
177509
177602
177660
177695
177742
177879
177995
178058
178151
178153
178157
178194
178289
178314
178321
178360
178390
178454
178475
178497
178500
178501
178505
178508
178536
178543
178548
178678
178707
178727
178739
178951
179011
179159
179169
179245
179253
179325
179455
179474
179517
179595
179696
179767
179933
179996
179997
180330
180468
180474
180532
180544
180546
180549
180619
180679
180766
180777
180783
180785
180786
180819
180880
180981
181013
181062
181068
181102
181157
181180
181248
181250
181347
181381
181454
181455
181533
181534
181539
181540
181543
181550
181553
181559
181577
181598
181611
181612
181640
181714
181737
181787
181799
181809
181877
181888
181916
181923
181948
181963
182033
182044
182050
182061
182063
182066
182067
182173
182174
182219
182222
182254
182276
182401
182405
182479
182519
182537
182556
182598
182612
182615
182651
182721
182735
182828
182845
182877
182893
182969
182980
182983
182985
182987
182999
183064
183082
183101
183115
183116
183122
183231
183235
183294
183297
183320
183345
183377
183382
183415
183434
183435
183469
183532
183551
183560
183584
183595
183624
183646
183672
183689
183692
183717
183748
183767
183770
183773
183791
183850
183889
183896
183912
183921
184203
184250
184334
184639
184709
184725
184731
184741
184743
184791
184816
184826
184843
184852
184895
184904
184951
185058
185087
185174
185199
185222
185228
185259
185328
185337
185350
185372
185410
185444
185446
185448
185466
185469
185499
185517
185662
185669
185675
185761
185784
185815
185883
185886
185887
185919
185930
185931
185948
185995
186019
186058
186073
186074
186107
186137
186164
186179
186184
186209
186212
186213
186247
186254
186256
186291
186296
186309
186326
186350
186418
186420
186495
186559
186560
186568
186590
186591
186594
186640
186642
186654
186657
186671
186684
186693
186694
186705
186706
186755
186772
186774
186776
186777
186779
186789
186791
186806
186820
186821
186822
186823
186827
186849
186879
186899
186901
186902
186903
186925
186929
186960
186961
186968
187003
187004
187009
187010
187011
187012
187016
187055
187074
187101
187138
187178
187233
187237
187311
187336
187338
187426
187434
187449
187450
187453
187456
187461
187469
187475
187538
187649
187651
187660
187669
187670
187679
187683
187736
187799
187871
187884
187901
187913
187914
187929
187957
187958
187961
187996
188004
188006
188034
188058
188065
188091
188092
188155
188160
188188
188203
188208
188240
188241
188242
188246
188248
188284
188286
188287
188311
188319
188336
188342
188378
188406
188413
188415
188419
188458
188551
188572
188591
188593
188595
188669
188717
188782
188784
188806
188909
189084
189105
189106
189108
189171
189177
189180
189258
189277
189278
189300
189301
189393
189409
189450
189467
189468
189477
189488
189541
189568
189569
189572
189582
189588
189605
189622
189631
189641
189649
189673
189723
189726
189748
189756
189769
189796
189797
189803
189831
189833
189837
189867
189868
189873
189889
189944
189995
190000
190022
190062
190064
190071
190078
190124
190166
190167
190168
190180
190195
190204
190212
190224
190256
190289
190293
190299
190302
190308
190336
190346
190350
190368
190373
190386
190387
190388
190414
190422
190423
190424
190438
190439
190452
190520
190538
190550
190622
190635
190674
190676
190712
190718
190724
190729
190731
190740
190745
190747
190751
190753
190779
190834
190839
190844
190846
190864
190865
190868
190871
190897
190902
190915
190917
190920
190921
190924
190926
190927
190930
190936
190971
190974
190979
190981
190982
191000
191043
191055
191057
191058
191059
191060
191062
191070
191084
191086
191091
191099
191116
191142
191143
191160
191176
191177
191178
191180
191184
191185
191192
191196
191222
191228
191229
191279
191299
191354
191357
191383
191411
191416
191431
191449
191489
191508
191525
191526
191533
191553
191562
191653
191654
191655
191660
191662
191667
191680
191736
191739
191755
191756
191758
191771
191774
191817
191847
191851
191856
191871
191890
191894
191895
191908
191913
191922
191925
191942
191970
191978
191979
191983
191994
192001
192024
192032
192036
192080
192105
192110
192123
192126
192132
192140
192145
192166
192170
192189
192191
192198
192200
192209
192218
192265
192266
192281
192282
192293
192300
192306
192307
192311
192317
192361
192362
192363
192370
192384
192389
192406
192431
192490
192499
192505
192518
192527
192544
192552
192566
192589
192590
192595
192598
192600
192606
192609
192651
192653
192663
192664
192669
192682
192683
192695
192710
192720
192733
192737
192741
192757
192762
192782
192795
192796
192803
192810
192813
192819
192823
192826
192869
192897
192904
192906
192912
192913
192915
192916
192922
192923
192927
192942
192944
192954
192955
192961
192999
193007
193030
193045
193046
193058
193089
193090
193093
193111
193133
193135
193136
193189
193200
193207
193211
193229
193236
193320
193330
193331
193362
193393
193396
193399
193419
193440
193451
193478
193527
193545
193563
193578
193594
193599
193606
193645
193683
193699
193711
193713
193715
193716
193742
193743
193744
193758
193766
193769
193780
193781
193783
193795
193811
193836
193866
193869
193885
193887
193935
193943
193952
193981
193984
193985
194018
194033
194047
194105
194114
194118
194120
194124
194131
194132
194142
194148
194175
194236
194241
194256
194298
194332
194336
194344
194362
194380
194385
194419
194441
194443
194448
194545
194564
194574
194586
194589
194630
194640
194661
194721
194790
194808
194830
194870
194885
194897
194913
194917
194928
194993
194995
195002
195128
195137
195142
195147
195149
195152
195155
195182
195199
195200
195203
195204
195252
195318
195356
195358
195360
195362
195406
195412
195437
195467
195479
195490
195491
195513
195515
195544
195575
195615
195637
195709
195712
195715
195736
195767
195772
195862
195871
195878
195886
195902
195940
195953
195982
195984
195999
196021
196098
196189
196193
196207
196274
196288
196344
196345
196348
196365
196388
196393
196402
196414
196490
196509
196543
196546
196557
196560
196566
196567
196609
196611
196648
196674
196677
196685
196696
196704
196732
196734
196763
196766
196767
196771
196792
196820
196871
196876
196880
196902
196933
196951
196952
196961
196966
197005
197013
197014
197024
197069
197129
197130
197154
197177
197181
197214
197234
197268
197281
197295
197314
197315
197318
197321
197323
197324
197325
197326
197327
197328
197329
197330
197331
197332
197359
197382
197389
197391
197401
197417
197430
197436
197513
197517
197522
197544
197554
197568
197570
197610
197627
197649
197725
197746
197750
197795
197797
197804
197835
197851
197858
197859
197903
197926
197930
197951
197952
197953
197985
198000
198002
198036
198038
198042
198060
198112
198118
198128
198131
198136
198138
198139
198207
198208
198228
198229
198235
198241
198263
198336
198341
198360
198369
198373
198396
198397
198398
198400
198406
198422
198434
198439
198450
198462
198472
198477
198537
198543
198553
198571
198580
198585
198643
198644
198657
198727
198749
198787
198791
198875
198878
198881
198942
198980
199006
199028
199060
199091
199093
199127
199179
199186
199187
199227
199586
199712
200000
200652
201110
201373
201374
201376
201377
201425
201428
201429
201446
201479
201567
201577
201595
201686
201687
201701
201716
201718
201719
201726
201748
201757
201763
201773
201780
201805
201826
201843
201864
201877
201932
201938
201943
201948
201955
201973
201975
201976
201979
202008
202029
202054
202057
202066
202068
202075
202090
202108
202133
202177
202188
202192
202203
202237
202238
202251
202261
202274
202296
202298
202327
202331
202334
202335
202344
202351
202356
202361
202365
202369
202376
202382
202391
202398
202404
202417
202422
202437
202460
202470
202475
202483
202485
202489
202518
202521
202571
202612
202617
202619
202623
202627
202642
202646
202693
202715
202748
202762
202764
202773
202774
202802
202827
202828
202842
202843
202854
202862
202870
202892
202893
202908
202912
202933
202938
203017
203049
203079
203080
203083
203089
203215
203217
203228
203234
203237
203258
203270
203318
203328
203353
203357
203379
203457
203482
203496
203502
203524
203562
203592
203597
203599
203604
203605
203636
203637
203650
203653
203687
203695
203696
203736
203739
203757
203763
203792
203800
203833
203863
203879
203880
203884
203901
203904
203906
203910
203923
203953
203962
203986
203996
204001
204009
204010
204018
204033
204034
204057
204077
204113
204116
204130
204135
204161
204190
204192
204195
204196
204211
204242
204256
204259
204263
204311
204318
204350
204353
204354
204356
204358
204360
204375
204378
204380
204382
204451
204488
204490
204492
204555
204590
204602
204929
205261
206597
206598
206960
207272
207303
207655
207753
207762
207812
207830
207896
207903
207927
207963
208009
208022
208086
208097
208126
208153
208155
208157
208206
208250
208260
208279
208327
208332
208336
208337
208357
208377
208414
208424
208428
208441
208470
208476
208477
208479
208484
208488
208490
208493
208498
208521
208632
208666
208672
208696
208699
208730
208752
208772
208783
208799
208803
208829
208907
208933
208935
208946
209018
209019
209020
209049
209077
209082
209113
209132
209138
209161
209239
209251
209273
209296
209300
209315
209358
209362
209382
209391
209412
209458
209459
209460
209462
209463
209468
209489
209542
209544
209558
209560
209565
209568
209577
209594
209598
209640
209643
209830
209843
209858
209870
209877
209889
209919
209939
210003
210005
210010
210074
210076
210102
210103
210110
210114
210126
210127
210131
210133
210136
210171
210182
210190
210195
210209
210210
210212
210232
210235
210244
210246
210254
210269
210292
210298
210305
210421
210425
210426
210427
210430
210431
210436
210437
210446
210449
210473
210479
210481
210534
210557
210561
210563
210572
210583
210594
210604
210605
210636
210642
210658
210693
210694
210704
210710
210728
210736
210742
210746
210755
210761
210765
210767
210771
210783
210812
210823
210825
210829
210855
210934
210947
210948
210950
210955
210969
210989
211007
211026
211040
211048
211051
211063
211066
211068
211088
211098
211099
211114
211117
211119
211127
211128
211131
211170
211174
211175
211180
211181
211200
211222
211223
211225
211229
211248
211266
211268
211277
211280
211282
211296
211297
211298
211300
211305
211339
211347
211349
211350
211382
211383
211384
211424
211435
211438
211455
211456
211459
211461
211462
211463
211464
211465
211466
211467
211488
211491
211498
211512
211516
211542
211543
211547
211559
211564
211571
211577
211578
211579
211580
211581
211582
211583
211584
211585
211586
211587
211588
211589
211590
211595
211598
211599
211620
211626
211627
211636
211646
211647
211661
211663
211669
211674
211675
211682
211712
211721
211729
211733
211739
211740
211752
212413
212417
212436
212438
212440
212441
212443
212461
212471
212481
212484
212489
212500
212502
212517
212519
212547
212579
212584
212601
212602
212604
212640
212643
212667
212691
212693
212694
212695
212703
212705
212710
212718
212719
212722
212728
212737
212744
212748
212749
212752
212759
212760
212766
212768
212770
212791
212794
212831
213627
213672
213696
213697
213706
213715
213720
213741
213760
213811
213821
213838
213839
213842
213846
213850
213852
213861
213863
213870
213876
213882
213898
213902
213903
213940
213944
213948
213960
213974
213977
213992
213995
214001
214015
214026
214028
214029
214036
214046
214047
214050
214051
214056
214080
214084
214085
214133
214134
214135
214137
214157
214167
214184
214196
214204
214211
214214
214215
214219
214233
214234
214235
214238
214243
214246
214251
214267
214295
214299
214302
214322
214324
214340
214346
214351
214359
214416
214417
214419
214929
214930
214938
214940
214958
214959
214961
214963
214966
214985
214999
215012
215014
215050
215052
215054
215078
215088
215099
215112
215120
215132
215137
215138
215139
215184
215355
215369
215371
215401
215408
215411
215421
215422
215425
215432
215434
215437
215452
215466
215476
215485
215487
215508
215510
215518
215519
215520
215547
215558
215562
215574
215580
215597
215602
215615
215631
221239
222222
223457
227455
234567
234576
250000
256856
263327
263405
266564
267055
300000
321231
335678
357887
366711
373198
373199
444444
456789
500000
539575
539995
540015
547899
548263
555555
567762
567768
600000
656565
700000
749502
756654
759786
777777
780000
787985
800000
865875
866798
875665
898900
900000
909098
976579
986654
987501
987787
1112121
1212121
1232123
1233211
1234567
2007442
2010726
2012086
2018489
2021432
7378432
19993594
20074422
20107262
20184891
20184892
201848911
